c2 yt lambda_hhh -2_sigma -1_sigma median +1_sigma +2_sigma observed
0 1.00 -20 1.1779 1.6667 2.5234 3.8813 5.7626 2.5234
0 1.00 -15 1.2125 1.7001 2.5547 3.9498 5.8144 2.5547
0 1.00 -10 1.1584 1.6316 2.4609 3.8048 5.6297 2.4609
0 1.00 -2 1.0102 1.4294 2.1641 3.3458 4.9759 2.1641
0 1.00 0 0.8714 1.2445 1.8984 2.9654 4.4349 1.8984
0 1.00 1 0.6986 0.9960 1.5352 2.4224 3.6681 1.5352
0 1.00 2 0.6221 0.8911 1.3789 2.1759 3.2948 1.3789
0 1.00 3 1.0758 1.5270 2.3047 3.5816 5.3083 2.3047
0 1.00 5 1.3643 1.9216 2.8984 4.4581 6.5849 2.8984
0 1.00 10 1.4053 1.9765 2.9609 4.5543 6.7269 2.9609
0 1.00 15 1.3055 1.8388 2.7734 4.2880 6.3446 2.7734
0 1.00 20 1.2687 1.7870 2.6953 4.1457 6.1551 2.6953